00000000000000000000000000000000
00000000000000000000000000000000
00000000000000000000000000000000
00000001111111110000000000000000
00000010000000001100000000000000
00000100000000000110000000000000
00000000000000000010000000000000
00000000000000000001000000000000
00000000000000000001000000000000
00000000000000000001000000000000
00000000000000000010000000000000
00000000000000000010000000000000
00000000000000000100000000000000
00000000000000000100000000000000
00000000000000011000000000000000
00000000000001110000000000000000
00000000000011100000000000000000
00000000000000011000000000000000
00000000000000001100000000000000
00000000000000000010000000000000
00000000000000000001000000000000
00000000000000000001100000000000
00000000000000000000100000000000
00000000000000000000100000000000
00000000000000000000100000000000
00000000000000000000100000000000
00000000000000000001000000000000
00000000000000000110000000000000
00000110000000011100000000000000
00000001111111100000000000000000
00000000000000000000000000000000
00000000000000000000000000000000
